21032
9107
18942
8622
10486
1111111115
222222221
33333334
23169
22632
11529
29270
3666
5730
19224
25462
24396
9126
23289
25613
18205
16570
21099
11499
3358
545
29748
13524
20440
17362
17857
24462
18376
28905
2061
9017
10079
29597
14276
6111
15437
24946
22695
9548
13823
14255
4146
17184
13670
15379
21372
32546
2555
21956
11360
15831
16384
29320
23002
26964
25608
19511
20403
592
8121
8817
22881
18301
5073
15500
25641
26393
4967
18384
13446
28351
9332
26087
2766
28036
27025
32655
31507
31807
22786
12178
31815
8232
25844
23032
29348
15269
30979
17275
14667
352
28927
15675
28460
7581
27888
14515
2853
2507
9815
22508
31598
15960
10935
19952
21556
14026
8020
9090
20868
31756
29243
13324
12395
10501
7298
30425
9052
7535
22993
26756
26065
21223
31010
10417
13109
2112
10948
8186
9474
14109
28582
16941
15399
1983
3538
16564
6572
14107
11832
16724
10904
9008
1965
27931
19219
29079
15155
27539
9416
1116
17787
7740
19597
12556
10664
12345
25414
28175
14678
20042
15878
27192
7643
6906
22904
17051
1740
13082
7294
19103
8644
22125
11799
6740
16224
2213
25222
22278
18830
16014
945
27154
28424
27530
30919
6648
10267
829
4389
14770
30893
17289
30331
25156
4990
23229
2602
27285
17070
15881
12785
4477
14720
17462
22473
3615
13149
22675
8461
31353
1052
23091
8414
19513
32128
31573
2502
20434
19970
13604
8859
22992
15569
9121
679
8808
26392
24029
22789
32596
25215
7787
17230
28638
26868
20501
30582
12090
29099
21198
17648
16664
23395
3304
12569
11386
3052
7303
13011
22723
10470
15702
20848
16657
19915
13944
10963
29133
25392
25794
9425
1153
31559
13607
19933
3561
22441
9075
12517
12876
31826
4413
8311
21516
29677
2326
15656
4221
10579
16903
15158
32499
31310
30523
11116
26143
26530
26616
19270
23451
1614
5076
8278
451
5647
1829
25318
22471
24870
19385
31711
20478
18779
20935
6634
8317
9794
25894
8660
489
22717
701
32311
20617
14274
8763
4695
17311
14942
18440
21578
12025
762
29563
21084
707
12254
15693
10161
32159
5363
14925
9260
17656
17101
30294
11152
22418
32488
7038
4069
3686
4402
6545
27422
8110
2762
25022
15352
22588
27144
2703
18981
32527
16317
28703
5546
5928
14780
9351
21894
29594
13977
17561
18836
20961
18096
1233
25522
28276
15977
2696
3107
18334
15803
25963
1330
649
20719
15660
12824
9884
3751
1911
17696
8966
22302
23080
6409
21147
6321
11707
14764
29152
15775
9219
24543
15201
9997
10015
25752
7755
22861
29867
28502
17206
15711
26931
25532
21315
7096
8173
21119
13671
13379
15015
29059
13830
6054
26110
24385
19652
9670
28113
13676
29848
21901
30197
11988
18978
10731
11050
25738
25662
30746
78
26181
6873
25383
19409
12804
12291
12462
22889
20213
3910
23269
17415
3990
5942
987
11273
16154
8522
11778
7601
15886
15338
24044
15318
21052
19145
2386
729
11728
373
30554
14299
29113
27693
30233
22573
12114
31474
2391
7432
11586
17120
30355
26495
29601
27071
21063
10417
25436
28630
29294
6723
23770
19455
27202
23310
14815
3585
29514
17428
7857
31513
26516
2489
26234
22746
12608
32048
12014
23096
21310
563
18221
25311
28503
3319
1515
5321
28018
15455
19150
23567
10256
25712
12055
27903
16922
7429
10629
26736
2524
10435
10614
6738
3409
18512
27984
1673
17313
19904
6175
14332
28648
1104
19072
1512
8505
16471
17085
17275
29667
11129
18489
3486
30706
8478
26127
11026
24825
12066
14582
12990
25359
3791
21608
27719
24856
10760
771
7906
20550
198
26159
16998
29919
713
14593
18086
23616
12679
14943
25853
14370
7785
613
12330
32540
6454
18184
22110
30313
8911
21497
18836
2284
30750
14796
16929
3953
18761
30810
20364
28214
28971
10340
27551
11178
16644
26745
17342
25716
13423
4377
11384
16567
8597
29722
29532
20116
14753
11083
782
26097
28020
14936
3482
31097
2713
2029
12551
30948
9339
29214
18992
10361
7637
519
27087
4561
26219
687
8155
29149
16632
32563
4372
18475
9575
27680
2780
27492
4933
32
2376
18202
26743
32729
25463
9920
4136
274
4642
12794
7686
26903
17525
32280
10670
10847
14109
22748
32356
1389
419
12420
29448
20724
19960
15620
32325
3390
11857
20116
23308
18126
1332
25962
20801
3141
13267
30409
30388
31618
666
826
31826
10765
30724
25114
23453
27830
4530
26196
30809
17017
5054
16496
2696
26277
25165
16845
25753
20030
6499
25898
27101
5279
22268
16491
18746
7011
27480
17306
20515
24966
25494
26925
27079
21960
8836
15239
7817
10322
31670
21441
10161
24476
1237
13737
27489
13454
4410
11531
29898
31206
3003
4144
15519
4825
8901
2981
21962
15613
31404
23357
21087
12646
23102
5209
29902
24847
1438
25959
348
20604
15184
28329
17364
22174
1936
6200
7545
17143
25064
2376
12096
12031
18689
9389
29756
32453
20666
11935
24666
21721
22135
32698
22350
32106
20411
26952
4045
5292
26362
11971
14077
27772
23208
14486
26666
30023
21142
25636
19642
11816
8062
5387
30819
24656
6365
27562
21915
10667
3328
17633
13904
6849
30562
26391
23770
27610
28981
130
4398
3429
4159
23202
5716
6042
10215
26383
5147
23903
8336
2421
18699
9832
22821
17117
6299
21667
18165
8750
18852
30931
18370
7667
2326
6778
23060
15198
1258
14077
12243
9869
13143
15363
20245
8205
6729
286
13621
25501
11023
1197
12325
27700
1619
28673
25093
14661
15440
9918
8948
31041
23871
25988
13606
15710
28178
13263
32566
6807
5477
11548
16574
23539
5298
25934
29990
10763
25028
27727
22713
19398
29806
13562
17406
25704
7292
25401
20805
21195
29674
17770
128
5611
16724
32008
19796
23209
24238
6791
27504
5832
30773
12415
7454
21820
14245
8717
22551
6052
12205
12407
11420
28949
7072
3086
8898
15897
18285
27737
526
7671
13265
29551
14145
4405
19147
24741
19573
24924
14417
22121
10089
13819
15169
14190
538
31470
666
24330
20883
31712
27372
14556
3845
22799
12301
31665
5914
14671
26382
2984
4999
23890
21613
18325
8929
30758
29324
17828
12977
28927
15458
17215
16330
29239
4209
19505
28890
27027
16376
23819
16192
24008
7785
1222
8733
15678
9501
18859
28590
2579
32583
21872
26841
1891
4647
11428
8965
19399
21888
30029
17455
23835
4171
4303
17722
14725
19885
3343
11911
29106
7719
12505
710
14435
30989
10111
19468
2857
21049
4035
32549
22636
14336
29175
10539
18098
3429
24931
6999
286
13453
19687
2328
11575
15731
17122
19554
28140
27869
11346
17481
6100
12175
17212
462
31418
19902
18510
14073
25688
29383
15299
7208
16483
23841
7559
16294
31176
19088
30875
29567
310
29852
15804
19859
7388
12610
12607
28138
25972
3049
28736
32583
5248
27288
20731
9728
2003
4965
8826
20748
7764
9777
3953
8542
20991
24210
10342
23409
13100
12817
22804
5925
10516
7830
19730
8649
7057
15648
1968
18041
27173
27833
13090
28842
21566
10666
27360
23811
14008
25835
1356
19567
17060
28637
8341
28016
4424
20539
30428
28598
14694
4174
15766
30192
18882
24417
5170
23010
19678
5749
17915
30391
14856
30006
25407
28057
30614
11053
30129
6272
21105
310
21516
8007
3792
14133
22777
25349
30278
27141
307
13210
1791
5553
13545
904
10311
2023
16484
3589
2123
22185
16361
9038
1828
12102
737
3901
21265
4489
10807
19998
6660
19248
1538
959
29793
18335
30308
26822
27906
2006
21425
8775
19070
22177
8660
14230
32171
3342
4847
6746
22881
31524
7490
29923
30593
18642
10318
12990
28470
25382
5434
30598
16507
18880
9845
30716
6366
20613
2717
26970
21891
10648
3744
31461
26219
19334
15137
3522
30454
1984
24861
7946
32679
25935
22990
6177
9512
5059
32207
31043
2190
2668
6018
4703
27869
10189
21679
15913
21967
25934
31597
21355
977
29489
26182
16539
29007
20679
2966
1459
13617
13540
5172
61
28326
23184
17748
15789
7712
1535
16812
18420
4000
21956
26070
8274
14899
13377
17398
23660
14524
32098
668
6558
16373
11403
8940
14994
13745
9934
29180
8978
19812
30050
10621
26138
19940
1104
926
6706
25713
14704
17965
18426
10484
30612
2303
9991
14212
25091
15251
7405
814
29737
11762
12957
17910
16780
8409
29682
12825
29186
8474
28038
18581
20002
12864
15562
30955
28664
3186
26198
28196
27645
29082
26237
11538
1605
24006
12325
26584
18427
5838
3541
10925
2315
24375
6416
17884
16926
20567
15330
6415
15051
8122
28856
9166
26635
21445
13429
32579
3822
11161
24257
9536
32653
15930
21668
10371
31808
5361
18773
16952
8465
17646
332
22719
24432
19506
19358
25520
25128
13740
9610
20764
28049
18594
15439
20502
4103
18259
16705
9330
13980
219
17436
26573
31242
14934
1944
23502
14316
13128
1086
12714
19501
18749
3449
27374
32448
32428
19696
14201
31121
26913
2067
29895
23228
19099
25588
12918
14078
23091
7001
24578
8296
32767
23311
2004
1371
2102
14465
15227
31664
4501
30345
5433
19511
15105
3205
29377
21091
21613
9134
19775
1091
5886
32421
21145
14004
10349
32591
9204
29142
28078
16099
23931
27068
28879
27713
19291
28520
24098
25734
28690
28150
23710
14813
16362
18455
17795
7320
13760
10689
32573
23167
9482
8741
32651
26727
27929
6626
14560
10759
29083
31096
30474
27656
31843
5119
28433
17499
27757
10777
1634
19663
22044
6437
5420
27619
30919
2741
10251
8152
11636
14402
1252
11
13027
5919
30480
26754
31439
172
9916
965
23664
10956
32655
9967
20548
1177
27278
13316
6415
19286
24381
30341
32289
27556
4103
11842
31447
761
13792
15472
1892
5455
16169
9979
24273
19225
26068
26142
26179
19323
28872
12336
6525
1722
9351
14273
8357
1266
9998
4069
29515
3335
23293
10960
11431
14301
30199
9891
29986
17356
22092
23686
9497
15438
23509
26103
1245
18939
18464
3169
19966
16056
27085
22257
20937
12843
5944
10917
26895
17010
15449
12454
4392
19732
32744
30423
23096
13367
17348
32430
2737
1044
1173
11843
7193
3241
23728
22438
29966
17325
11836
19062
1159
713
14483
9135
8796
30213
7403
20420
22793
20097
5686
29422
31919
3429
26695
11203
13147
31514
18997
25610
21131
7867
20484
9166
13806
18886
6018
6833
29548
3096
15472
21379
4198
9240
22498
17939
7231
16178
3817
15173
21531
7815
29806
14181
13286
29666
16993
24251
6297
2798
11796
2144
22456
4775
23521
29520
28703
6927
13843
20927
14335
6946
11012
7857
11300
4875
5762
29125
17529
7832
23159
17745
29133
3052
27337
25268
10455
19060
20608
26856
7800
17948
26663
8535
6465
706
24436
5872
31797
3050
13867
9081
28368
3252
17983
26407
17992
9228
5946
24172
5138
18721
224
2576
32168
21528
24847
23939
16778
32513
26858
26482
3458
29450
17719
26776
2605
13810
9732
19671
16311
3009
27025
14983
14310
8375
28266
11278
346
3970
20692
18352
30739
6068
5994
27049
30515
6259
4872
5241
22533
9074
30184
15232
25151
15393
26123
7114
4484
5921
3803
5932
21549
28155
30222
17808
10057
15121
6093
12429
13282
29141
3606
27963
20867
1848
18271
2117
4598
24166
4220
30783
14930
28080
30146
2618
19766
12233
16237
31894
2639
13622
3391
15384
1824
27136
21866
30524
17666
25516
19120
31693
26729
19308
28105
4786
30058
14487
19973
19979
13690
3927
15666
32125
10873
14242
31424
15561
13039
16491
6691
20644
17301
17177
10361
17859
23063
6968
21869
1589
3352
18030
9051
22773
23926
177
25269
32704
11472
28856
31909
26404
32070
30895
20723
7386
24192
32559
11050
85
11250
17517
4854
24987
94
6066
31697
596
666
267
6110
11552
28563
13121
21013
22318
1426
23051
13217
11
13502
6275
14470
17335
14563
19415
22407
21246
113
26177
16711
17925
1224
30265
6830
32036
30642
11753
13966
1011
27185
32481
4743
10920
20604
7692
6952
18848
1860
994
31574
25403
15931
15584
31474
6125
27607
7733
12470
8338
11859
12991
2912
17154
15864
29749
30227
29926
21658
9382
7162
8394
11877
23586
3886
16755
2010
7863
22234
18290
15636
3743
10397
31993
28240
3767
20783
23534
19884
26931
4168
2622
31279
20112
27581
28788
3082
16587
15852
7818
13853
16081
859
29438
8381
17462
11164
14377
25013
28969
29044
11213
13706
28328
32316
9453
24068
25328
23686
19425
18921
2616
32260
6313
27148
18334
22694
2946
22406
16994
24323
21431
12100
25426
22522
22714
18114
18053
22937
22899
7701
30028
27453
5592
13103
31846
4859
14014
6751
12915
21055
26606
23
17067
21939
22652
30706
20432
23651
5460
15605
17249
6686
29206
18198
7441
6431
29732
23034
22136
24301
29689
28931
12039
22655
26812
11402
29761
20900
4628
9321
6696
31650
29759
17341
14326
18205
23134
4586
15630
5435
21267
3295
29234
1030
23374
30875
6902
23058
11108
18415
19317
21855
23138
646
17986
24960
19360
19492
30370
30973
6809
28971
23288
13815
30969
7267
29568
22026
13048
6650
2368
13688
19943
19402
24892
1411
29960
13019
12266
16922
10403
12841
24805
10936
25430
28327
1765
17034
10669
28803
2031
7120
14323
27052
22985
29317
16967
17810
25265
23106
31474
26157
21070
864
21239
12864
1767
23389
10476
22751
21203
3200
23049
28207
13873
8384
27007
17773
24793
19427
12810
11313
4242
8419
21962
27380
8069
13973
24655
11984
22257
32652
20211
16520
23073
22844
29548
11464
15771
5723
25761
16814
7835
2189
29117
1416
20159
19775
19330
2784
26628
25043
22497
17846
23793
17150
25543
17932
22802
7023
10041
31656
1448
17842
20387
26389
1695
9555
1133
23531
17344
6982
6608
14416
21032
6534
26088
13759
4601
6653
27658
14088
21583
31908
21079
14232
7542
4331
21905
16379
22362
20059
12078
927
2110
122
8619
3035
25009
27119
7971
5167
15294
8934
15904
31694
20580
14006
28849
28761
19270
17601
12733
13806
418
10396
7318
12385
26247
28017
8913
4553
3907
4257
21590
21055
23579
22445
28083
21730
6464
15702
8374
24095
11262
14851
19258
16175
8245
27492
4161
23264
10765
24405
1859
26521
28646
1541
30150
4760
12430
3927
18223
26751
6583
14216
14040
9999
25256
18195
24674
23603
32562
18897
10829
30272
32486
16741
16069
10619
27781
22231
1727
20188
16824
20351
23365
8209
17153
18725
24846
29894
22514
358
16978
25892
13213
11353
15068
30103
24907
7795
10849
12245
2417
19880
8464
19740
735
28115
6762
21946
1083
11352
23124
22995
2478
20232
8299
10079
17117
14917
9623
8562
7451
8806
6115
7360
15836
27741
2188
25952
365
406
87
20944
20963
6947
11816
1850
27218
18455
25553
21237
23103
13103
21800
15695
23895
27576
19804
14730
23393
13740
20105
5924
9329
9503
20361
6236
15710
2265
3086
20977
20599
26693
6893
14381
5746
6282
16061
32034
19365
11511
9377
9268
1401
18084
1378
28375
31771
1878
23745
1690
7284
11172
11019
2149
30300
4184
29933
21758
23306
10008
30090
19154
16335
7750
14027
19699
14597
16420
1014
15197
8514
19772
27267
16509
16593
22015
15659
6132
2402
22444
19777
12952
14848
8307
20037
23483
32580
16091
6071
17329
25544
97
14633
5004
9439
17249
5272
28202
16259
8250
29436
626
18831
11694
18206
4826
27439
25735
4778
5676
3220
26240
8581
21899
3052
11362
3936
11185
3985
24430
19342
18810
18560
25083
3858
9126
14606
19296
30973
28122
21462
23316
17655
18153
1782
10004
20507
31314
1915
2437
24584
31498
28953
4507
24628
31611
3616
31673
2436
18124
23467
29914
10266
16227
7706
11567
29551
9896
6595
32265
11425
4620
17381
9978
30478
12619
32733
26167
7969
18925
15517
28737
17260
3091
1625
2757
5111
9328
24707
20160
7128
12182
31738
21990
18692
29299
7551
22341
9829
31771
18536
30502
31789
5320
408
20020
19049
7710
16046
27616
20953
18612
21885
22531
7935
17105
32701
22469
19318
17523
18175
31167
27013
7318
27879
11612
19956
9138
9109
27013
11294
14214
10852
9853
14408
9236
8919
12041
17457
7661
12752
3285
2538
12718
16643
5139
6376
19659
29867
21093
6488
17291
10619
25853
22962
30804
3800
31234
23185
2089
12613
310
19650
8305
2335
20439
13723
25082
24970
15299
11662
30013
11179
29151
27902
13284
4632
3000
6992
2953
24716
10347
5190
32193
5088
3267
6024
24921
9782
3746
5764
18655
27512
20386
5240
12900
4609
2811
19661
25729
7065
31400
5031
7320
25255
6085
9402
29276
32674
14908
21599
5268
8905
23456
22247
17180
13844
345
4655
10796
23402
4610
11636
732
6932
6671
21353
7400
22130
17331
23175
13745
21228
1537
18341
16517
28972
20305
24264
1056
25738
12005
13884
12659
32456
16844
32740
22436
25600
26375
31950
22869
15066
32491
20234
18217
11522
14790
7613
17284
19418
14789
16241
21395
11628
3093
24239
16781
21922
15689
19664
29752
16313
3324
30480
24494
7155
1207
12772
29537
5516
30229
20110
10589
13552
9252
12014
6861
12843
7183
19355
15809
19361
250
24626
12334
29951
20270
12782
13366
29297
23158
9337
16810
13334
3016
4354
20686
1457
8744
5008
16988
26273
31434
17046
2251
7699
9335
1223
30416
24438
16945
31019
22310
4911
282
9587
12683
6030
9618
24202
24843
3585
29600
8044
24448
2184
30355
16955
27226
11113
27625
20368
25756
5925
21871
22543
6695
11946
30378
3134
18491
3530
16758
1687
3899
17388
30189
31707
12720
9986
31114
17834
17553
21179
10638
31569
13506
10233
11427
3299
17882
24709
1984
5259
28201
2818
31308
21024
13306
799
25990
1274
28693
14865
17188
6148
6536
25409
28474
21523
32423
22849
18782
3190
3922
20229
28938
31183
7286
8528
8514
14113
12502
23660
28534
5417
26380
18974
29097
14322
24778
7129
4051
12964
17254
1330
1156
5532
23958
23188
20683
8898
23160
2101
10070
7191
9685
30024
4826
24718
26022
10101
23478
19229
11479
14982
28883
2067
19276
99
22478
21676
24354
23872
26713
23779
2871
13333
22238
11143
30444
30542
21094
24721
31529
12740
14778
8629
8354
7149
11207
31031
21337
4431
30535
5888
28516
31291
11678
10225
2801
32183
23810
14199
8583
4028
13791
20320
1167
12194
8058
18925
13586
27352
32724
2600
2756
30680
15057
3703
19522
32090
11417
4466
7320
22984
9023
11506
25094
32499
7073
13162
2564
13828
17807
13179
20099
24501
4911
22978
24694
1217
22431
9461
7057
19096
14557
8238
10064
8280
30948
6022
10556
14329
23064
31462
27754
8135
8932
25370
8772
4118
1186
27943
8331
16689
27067
24543
16541
23955
28431
20402
17396
25690
3223
13511
25072
4088
12616
10060
25302
5420
22075
13834
27672
20017
19724
2876
25047
9781
19840
21409
422
22796
1642
7120
6801
23334
13775
6092
1630
32190
3144
2264
18450
9045
24488
13708
29623
6239
28895
10281
17245
25660
18718
10026
32095
9833
29244
7195
4071
21496
3673
23726
1460
26941
4801
2572
14363
25547
10770
31337
25164
6303
418
24795
31191
15002
1563
10092
28783
9525
21352
12142
17133
16240
23509
27662
31128
2827
2673
2860
32163
13305
25783
8298
26615
13330
28526
1667
11571
24328
23246
27359
19185
27292
14820
14180
23116
18193
18744
20110
11167
23521
2220
19906
20366
31920
11431
18911
12619
10878
10867
14871
9746
29984
25572
1277
5622
4337
13883
25566
8672
29893
28745
4181
27349
5150
29656
28698
24183
2467
1606
13083
11471
17869
5235
6094
19273
5604
28126
18885
10496
5930
15114
3715
30780
27222
13095
13454
12601
15171
21742
30917
12843
28906
9933
22004
8318
6542
16964
29350
28514
26422
11919
8506
12167
20576
20101
9785
3109
10484
26048
14567
6464
18295
30974
29208
22314
2689
3527
7493
3913
21105
3408
8159
28186
17247
20128
27363
32374
25426
3057
10927
27157
26803
18265
10516
9040
19714
25257
5548
23595
30664
28310
10350
28306
5581
29974
21119
6627
28810
17165
29003
14765
23009
29993
14293
22968
12
19466
16971
19269
15828
2983
2014
8086
15107
27117
7889
11185
28955
20649
1743
31074
26696
30375
28033
18815
16532
5147
8544
2927
23386
13889
9928
28141
14589
30273
9038
27914
24281
5973
4948
369
22906
20525
32219
21743
12044
17299
6808
8243
22035
27723
7753
5586
1117
61
8521
32398
27188
3798
21602
27351
11736
24235
30691
7570
15148
20063
18675
5146
15279
15559
22821
20356
19118
15437
1101
17192
14776
5522
30865
3164
31059
23896
1219
22403
31213
8606
8430
5703
6421
29196
25902
27426
28395
18322
25285
28195
4053
3917
4972
12015
5748
23722
21223
6150
2519
1741
5852
5959
29678
13620
22757
12215
15425
8087
26340
22654
6881
1299
3479
19762
14239
7816
20844
13144
18813
4160
10646
14632
19042
7889
29024
4497
4882
11076
961
29053
29532
14966
13617
29270
6806
3007
8124
32201
25670
722
30037
9930
23842
26852
19564
5080
5179
18705
6851
24194
3189
27643
21117
3114
25146
14004
21880
1033
31087
28894
13020
9843
18343
13840
25332
26972
3735
5756
30013
7708
6859
10959
25789
17519
23191
8025
1686
3776
24911
31342
18139
31655
10938
8716
10146
10416
12997
25789
13915
16990
13685
2495
27488
13679
11039
11363
10189
1378
21723
26291
17809
27703
27958
3927
28101
10102
20775
3770
10557
5746
13637
3944
24413
3535
15158
3515
14126
1090
31595
2742
3761
31896
22282
26161
31860
20730
9772
9270
3938
17263
5705
8620
16607
30626
19696
31794
19733
14822
8892
12622
25992
14199
2691
14535
29169
3074
30928
7759
21321
18536
24468
24165
23844
22208
4632
2682
31040
24475
9526
30803
10590
5259
8137
174
23376
998
3938
4392
17236
22983
21821
5470
12448
12886
16243
31571
4158
24905
17008
22290
4634
21163
26280
27028
9306
26844
16006
3811
14573
31706
30885
22400
2407
23998
25155
20738
19724
2186
28147
16897
5418
22817
4753
23858
17325
31639
5755
12243
20461
27819
6910
20298
19914
13458
31759
2569
27387
16119
22588
8116
22179
29759
21730
17542
18213
30737
29343
29681
4666
12566
1546
22148
2881
32253
10402
16146
7126
15299
13829
785
19109
305
10595
12864
9344
13222
28465
29069
15280
22806
32546
32053
12681
19283
21075
5677
32322
12427
2501
24257
27395
23826
22801
27259
29246
610
2391
1350
31299
20321
10360
30163
7695
26082
14469
16188
30821
18797
29559
9703
9505
11075
30496
31662
27848
14237
28001
30524
20067
18485
1182
6842
23438
8199
19567
28076
6860
5209
19096
3605
25629
18169
23612
23778
27603
21958
14157
18821
28577
9073
8263
225
14837
7557
10270
870
28551
9125
1652
26237
23346
29717
25616
17702
11268
16765
10636
9183
22929
21993
9805
19401
8844
26387
9145
24838
22936
32741
14499
14437
29787
9018
28938
12353
4308
3045
7684
4262
25839
11764
25077
14006
19543
23862
19716
3915
26764
15610
7632
9438
1845
23834
31326
17576
17079
10296
13655
32518
4358
1864
29552
1826
13500
24142
17705
13776
17512
18025
2234
13238
15400
10513
10314
3760
19834
8349
2147
15987
24911
16904
15011
23664
97
13300
18612
4859
5575
14063
11134
1964
16326
758
17050
17669
8939
7735
24586
26454
29526
4379
15400
4318
10329
7044
26077
26931
3650
20308
787
11236
10868
13358
30061
2652
9661
22656
14133
25865
12515
29633
1174
8126
6016
32247
9483
5462
29968
24701
26903
28315
16457
9219
12343
24678
8363
16342
2837
5383
16983
28258
19966
17638
7204
10997
10134
17003
23536
15557
4042
32028
27956
29493
8967
16389
19931
30548
15785
12125
9557
22182
27575
18790
20967
11048
205
28309
24645
1166
27737
13555
8546
30415
7690
2755
21127
29155
3718
27749
2979
18123
16476
12666
26594
32211
19769
13641
7296
25108
21342
24162
29152
26172
22353
18816
21208
18066
28115
7092
26191
3124
16915
16320
26379
21923
19489
4801
11716
2178
19365
17426
8573
20635
23249
27756
532
4131
11668
8274
16663
9535
20753
428
23769
10439
32591
5298
29125
2633
23346
23563
30195
11601
10410
54
21241
27623
21802
1578
20996
8794
25692
22841
3623
10300
5395
11322
24818
23214
21121
30183
32071
7134
17834
3204
11369
27597
6936
9410
24918
32342
20688
14306
5719
29292
8326
5405
10453
3747
23053
8772
10094
9969
16913
4004
17992
4022
18696
812
28069
16891
11878
32466
5816
5367
25616
1586
27320
12504
17940
18296
22578
7872
31383
19329
4771
6669
3599
28989
12358
1757
8114
14424
23083
12753
12845
7961
17033
15634
29850
6026
21845
24210
6060
22489
22291
21397
813
2558
26093
11631
32683
7838
4354
23439
10350
18223
31232
5820
14765
23390
13557
4511
3841
11693
23138
4738
26137
4961
32658
23127
14768
9115
2345
31996
18620
29125
3072
3773
7656
18223
12336
19227
11077
8186
19053
6347
20028
28470
8086
3842
20424
28231
1673
24560
13538
31629
23612
19594
29500
19524
32266
1421
24113
30120
15946
7616
24572
4445
1830
29049
21289
271
8107
10082
4170
5462
18204
11901
1003
7132
6796
23910
24776
6337
30891
5849
16957
12094
22497
6003
21245
32137
17049
20669
19463
28665
28128
30054
24534
20331
7726
6864
26072
3812
20099
5071
23074
7288
19894
26797
1378
14698
17930
4209
24853
7572
25347
20320
3066
27145
2424
24261
25286
12026
21992
16878
4377
2262
21778
27767
11953
6325
10943
7627
15582
23543
6883
5607
6197
10024
10468
1889
12937
18471
16698
27305
10519
5000
8504
5776
2817
24886
28969
16902
25598
15453
17567
21288
24399
19079
29960
8058
5877
11781
2690
368
25377
26512
9969
26420
15852
31536
10062
16035
3912
23645
28482
25240
30006
25956
4851
28014
23610
24077
21278
5312
31756
21883
8038
29299
3217
21331
4843
24311
18185
9249
7967
16585
1930
17655
22741
30013
8877
12887
7067
13946
17287
7762
30538
8902
26075
20978
7131
18692
16525
15830
14204
24186
13402
32284
31459
472
4807
21892
14307
12150
20823
25553
20029
19166
32001
7027
23224
24970
481
14948
23668
2799
6958
19024
17531
2490
32620
27640
9113
4697
7395
29144
27246
23229
31311
3591
28609
22366
4057
5984
12567
18816
11334
10719
388
693
14959
9805
6850
420
31473
21792
17536
19464
1573
12445
1532
10748
10835
6719
5588
9845
31266
32604
31770
30992
8019
12550
6822
15630
17839
29488
4016
6556
12862
1809
9886
16216
23226
13518
19226
24338
4419
6227
12904
32207
6228
13697
12022
18964
13046
6031
25141
22113
1332
32682
16552
23803
22734
26335
7227
28910
6706
22331
10453
16467
8615
24625
12080
19407
7372
10811
25065
14172
11329
28100
2259
6220
2468
20806
30353
25739
18879
29360
31844
26404
3839
8202
20545
24070
16424
859
6439
9481
5960
17867
5551
4652
7402
28165
4325
26400
25483
32223
6486
31755
5970
4925
11882
1926
13819
4146
22516
10215
789
3689
23560
4550
3181
8644
1805
1978
21194
11842
14866
32612
27354
21798
13158
6063
10861
15702
17762
17493
13793
15105
28554
21158
477
6788
3541
11141
7491
4751
4680
30387
22367
8579
31945
848
5733
23071
1331
6558
29210
25436
11174
6665
26321
12181
8993
3428
13465
12011
19026
2678
16053
232
9900
5301
32588
26979
5563
22609
25442
3235
10420
26484
8967
14023
24145
23753
27086
12900
11995
1851
25473
29297
7816
767
275
4960
18952
25556
2518
30606
8539
21641
19694
733
17637
20416
1798
14751
14532
22003
20546
18103
25185
17588
9844
11514
1093
13113
26514
10204
11311
30743
20584
32584
18275
15438
21386
21199
20804
16262
23693
8197
20517
12696
21366
2088
5213
17744
29811
6403
28057
24690
20425
7442
19063
3322
1550
14055
30288
4008
5272
19404
26964
18364
17973
426
24285
15359
7196
21546
9725
30978
17188
1305
24665
9386
26932
27665
9019
27372
1787
26966
12002
10198
29153
32766
12317
29391
19005
23381
16408
28447
6600
17279
5749
1458
13906
17759
8606
27672
15539
4536
31066
7377
14341
22418
24479
9416
18704
7648
17320
27165
25094
24671
31558
20519
27249
29633
9851
23738
24425
29963
28997
17061
17418
18492
10168
30079
30245
27183
20559
10916
15158
6594
16516
27514
6550
7224
24478
7417
20978
8412
3019
8298
3324
2023
21870
29038
4448
4260
1210
25923
5626
13010
7552
28483
1094
10058
21829
3757
16152
25570
12184
18856
16781
3728
13475
22917
10817
11219
30207
27717
1730
3150
21965
8027
29509
15798
17410
6067
25240
751
26114
23282
8792
6002
23665
19968
28516
16882
6981
31940
11921
31295
2080
3886
7584
9834
21214
3963
4205
13098
15465
26036
3688
2942
16341
11384
25673
13204
20905
17148
32256
2794
10618
16464
7403
31155
18879
11236
15948
3452
14816
8010
17914
18703
9872
13629
16727
11160
23645
27107
22145
13062
20613
20559
13261
23988
11276
16714
4977
28489
3339
26451
10112
31965
29259
19428
540
1117
1298
18935
19943
4912
13629
2505
27322
16410
23439
27102
17050
31841
22089
31045
27367
47
21499
26397
26071
22072
16537
2904
6179
19100
2257
27839
18176
16655
10140
26678
12881
13879
12820
23874
7963
28757
21893
968
26169
9000
31686
20248
23377
2831
2506
553
8198
17261
27762
22822
14191
23633
26533
27690
28104
29527
23459
12105
26728
21449
29846
13263
29171
25098
30827
3788
22225
22069
9951
2256
26079
2561
24541
31475
26980
24040
1031
32024
11334
31112
17299
18803
24446
27465
20312
31049
29641
27456
8232
32503
15264
17747
18529
310
26987
11934
959
31645
15858
2582
31092
18536
31508
24684
25723
30583
28347
3893
5673
5786
10767
29511
1797
20235
14570
4710
27097
31804
28044
2080
29961
8147
5265
14837
22052
22259
9504
5819
953
13502
16740
25921
24940
9752
6976
26163
27208
17069
4414
19773
21847
12085
6089
21875
26736
29943
17053
29937
27985
29323
635
29630
31982
18917
27425
27127
5384
28559
5497
26921
11264
16182
29201
21758
14062
14696
8139
12060
21998
20124
6870
23114
6842
23411
22492
6356
7550
14909
8061
18993
21479
3519
15869
11236
24189
10548
23353
8608
16436
14737
3808
18607
13373
5133
1247
23189
5666
19937
17949
8944
4114
332
31081
3234
890
25563
12465
2610
24533
4583
5748
23920
23492
13151
3961
600
17505
24008
9410
16697
22224
22401
18876
11287
22552
8268
21176
2893
24369
25354
12190
32118
1375
13510
16096
20110
28862
17653
19630
19029
27933
25340
4713
3572
1807
31987
19033
7395
23872
31657
11170
15626
7174
8168
25204
24103
22328
17658
22659
4207
13891
11371
25015
20088
9850
14097
8484
7766
1966
12106
14908
19973
1791
2181
8771
20231
7153
14340
9732
30029
23491
2784
30659
7515
5884
7501
22898
32168
30022
22303
14120
10051
895
4493
17870
31164
26638
18997
31260
3650
12659
1889
27588
24073
29474
20873
30956
10223
9362
26137
15842
22878
30353
1907
13579
32372
4826
3640
4893
32097
31209
8132
13198
8465
29454
11767
10573
14092
17089
9275
18351
17562
6965
26050
14252
5930
31536
272
27979
13300
28441
15546
4443
27358
26707
24941
13156
4252
7881
25905
22493
9244
12490
23535
13983
25377
29976
20785
15770
4654
13115
28458
11207
31653
13851
5878
22621
27184
27854
20003
31304
8800
3503
9583
983
8084
28592
31955
26293
6173
3569
18625
21530
3231
27025
15531
19778
26298
15812
32452
6175
27370
14885
18698
27723
428
14158
7044
27712
7139
6566
25544
16075
13945
22139
15809
23742
16713
20305
12719
26342
27965
30585
4975
6204
9651
30693
26365
10335
14630
17722
28215
12866
29962
23591
17380
29474
14583
6134
10228
30140
17674
22368
24841
32188
18313
25510
22327
18296
28101
19933
19464
28638
31813
13961
21444
6315
12832
13166
29679
7391
31659
18339
2834
26989
14420
8680
26047
20022
6094
5433
9423
23352
21103
32676
22766
7683
16598
4951
30554
21357
5840
13821
3047
24967
17789
27211
19527
11728
18606
30677
28808
9128
25490
17703
29918
32519
4242
6161
10403
12142
10361
12354
11932
26398
1240
28696
21118
10889
8617
1975
22448
29702
562
22105
9555
16328
23852
30181
29568
5137
21541
9410
24016
22947
14883
493
32546
6264
11658
20297
31384
27826
2367
11831
5603
18389
28942
2663
18625
21044
32073
9966
26051
169
18866
408
16468
12937
27547
127
29687
27607
4940
7644
12496
32696
23717
1566
12646
16167
4869
23609
15783
32746
27754
6209
24365
4037
32729
13367
10943
26605
31488
6947
17179
13503
23322
3682
30962
1458
11539
30018
11317
14731
6380
19148
21135
31440
15458
7649
18227
24702
6346
22409
18391
1790
6208
15239
17152
13654
28160
22321
23425
25245
22036
21118
17726
12209
30768
22369
24374
10540
29146
853
11969
26003
19405
5945
8213
21457
24224
22879
12303
19940
27299
24032
25393
17367
26378
10546
11751
4848
19533
24828
12814
23850
24014
32552
30134
29925
14013
15162
30503
12509
7736
7649
16931
15449
26295
29388
27243
14245
23720
3263
3973
15553
2134
4070
19899
7259
18191
13929
16487
26363
32646
17216
31086
5758
30070
5961
4619
27589
136
7320
14542
21678
10871
31758
24804
28227
30834
20781
30360
30514
25538
20522
15642
18046
17836
4676
14719
6771
15001
31829
20234
21471
16500
29607
28842
29055
5204
21768
3011
24504
4955
25121
4145
28807
8926
6403
14731
4027
25541
10755
32164
1890
13621
32712
17496
26753
19053
3490
19589
27656
22510
22557
25175
24580
7135
27607
19145
29975
17839
13966
2152
37
252
30333
23898
1105
10164
13289
11936
6440
24442
30967
11416
283
9803
15296
25798
1075
4705
11943
8403
25344
18775
27371
14038
30163
29327
10616
11987
19501
10449
32259
24961
24694
12084
18517
29777
13298
27970
20455
22187
26354
30295
15792
9339
8519
8266
26683
4588
24316
27983
9724
17523
30021
19740
6628
15632
25522
31051
11827
14289
17832
28928
12686
9367
30738
22475
19025
7452
18260
15312
13350
31797
14720
1829
31703
31317
18637
8315
11616
29523
8773
32513
10313
14701
15549
13701
3634
6540
23562
14556
32688
29898
21618
25989
6999
4913
8801
2185
29464
5061
10845
28581
27598
7621
13628
17579
15123
14127
31893
14374
30552
25730
23412
16189
28213
30151
30546
26842
13565
9426
30020
3595
10134
26822
3954
25000
18823
8919
7883
9014
15699
2132
27895
30987
17926
28132
25229
13747
1805
22544
25991
3219
30282
29953
31731
31180
13416
25483
1771
24930
16236
27499
10694
10654
13197
2765
12688
21680
3654
32018
4280
23961
10153
7887
17161
23624
22006
21273
11739
13571
28524
19968
20619
22281
7775
26713
22824
20086
15243
24769
29039
11622
8872
11742
22522
4189
13631
17896
6580
16871
32699
32616
32656
16763
13507
28480
1147
12709
29383
26604
26511
29029
2009
32263
11913
25810
10175
13841
11389
12546
18502
16239
24776
28462
6105
24755
16967
6930
16977
31006
19142
16531
30735
15203
22203
11428
27464
1454
11573
9578
14241
31461
17423
28062
26620
16686
5225
5940
3729
2481
4952
26938
9024
17823
8925
23810
7205
11379
3860
30339
29806
30584
27566
31741
5481
30347
26017
20700
21985
25122
23838
30687
939
3725
23492
121
11132
25724
15123
25464
4862
17090
3875
4836
6434
11608
10646
16682
28855
28069
18635
9081
26940
2044
18260
13165
14834
10855
24491
13291
822
30883
22560
32076
31246
22891
11030
21693
29186
10490
32623
21221
14637
29899
1349
7625
31379
9379
2779
31213
6837
13521
24019
30396
16995
26036
19617
14890
3026
1151
23615
12184
1518
12601
1570
7672
497
17928
4718
26929
24373
17326
25190
709
18758
26452
16166
19889
7228
19847
148
31125
25416
18048
8340
6420
9612
16296
3707
30590
30000
26203
22215
29100
29874
26604
29453
22060
18045
29418
22066
4255
6846
23970
2270
9310
20339
5605
27182
14948
22212
15884
26793
18024
22423
6968
18294
1865
15455
14559
17356
26287
9268
25988
11945
31728
27177
27845
20167
13872
14042
12955
7884
29133
20548
5086
15296
31994
7130
12295
6085
20393
1749
58
17666
31407
18635
24452
27873
4642
13443
26721
18298
5894
2824
19329
10063
9257
1276
971
27961
25164
1583
2979
30882
1923
12144
30568
26613
26079
17059
6465
15699
19785
3348
4634
15240
17585
19467
29673
3901
24169
16289
22838
6254
11211
24529
5594
26655
5154
26578
25863
17995
4808
11172
14472
21534
8331
27626
3402
7780
19541
7159
26908
13376
18189
20011
26035
5665
26296
14976
27889
4338
25828
4960
2663
22929
23622
7354
30232
31875
18850
14676
15487
30182
5099
25187
10196
1446
24492
15705
20108
5108
12710
17406
27423
14836
9402
12994
24845
17078
14090
12625
4899
14440
29276
26985
28410
20938
29631
32744
20930
21474
5744
9258
10813
15344
17918
10641
31758
17828
15277
24421
10292
8591
11032
6879
7890
28632
8731
10112
24113
21296
8176
4519
25351
12295
10136
32611
28154
27648
20861
2950
16992
16803
8277
22267
16969
31827
7497
17497
3007
12415
32599
4535
31564
17436
25077
17603
14269
23378
20215
7438
11046
32117
8114
170
3366
1592
31074
5879
25196
14109
26825
1466
5498
32048
24857
1135
3241
16117
8724
14817
24942
18079
18802
6135
7387
7298
4995
10705
7529
26059
3861
2067
2548
7023
18584
26497
30215
11617
12416
30157
7002
26120
16619
30892
19609
8688
9860
25391
1383
12224
28839
21841
15267
27756
3270
14797
21994
28587
4363
30258
27485
23724
6718
24888
12452
11012
16618
29525
13875
31724
27067
25996
23499
20393
29995
12934
7492
12107
4701
11747
7307
7834
14665
9682
3303
27214
4122
17119
25472
9854
16340
6669
28961
29019
31802
9509
18749
19998
17135
5453
6704
11327
5595
13276
23240
28392
13520
17773
28932
2217
6766
9011
13851
32621
16452
32396
31680
27821
28215
728
30373
19939
6440
18827
12862
14658
5329
21633
29127
19108
7408
658
8840
23748
31144
12903
17240
25261
17188
1931
25952
30066
2173
1477
10785
27168
24030
30374
25273
1009
5606
19806
13409
5826
10829
31956
26171
11719
6091
29685
15435
2686
12597
13387
962
4065
11754
14034
13443
28128
30573
4872
19424
8462
31315
7236
17572
6811
32352
26952
20567
9346
18925
31257
13757
22019
5260
28687
30880
11348
3311
3112
11983
7060
30214
26529
9831
11264
8040
6856
16721
30569
15604
17932
10764
6886
25016
12630
17837
28870
8722
30108
1828
9928
8468
25779
1984
1167
3373
9060
2294
30288
20486
10691
17246
12238
30123
7612
9982
31624
3819
15343
28875
2608
4865
17086
14701
22112
1140
5027
24899
28809
23867
32455
32167
18220
1573
27857
11123
16204
23928
23292
27331
12579
4312
23917
26621
7444
20075
7107
22031
11489
4411
31727
15864
21790
3292
28486
26506
10981
31822
5588
16238
16844
22564
11252
24168
9748
14310
30238
5596
18211
25269
7935
9618
26164
21293
15311
32438
23886
12944
27359
14371
21106
3872
16497
6113
11033
20940
30157
21995
21470
14095
3729
31798
12407
20246
26697
2032
18409
18721
26687
12293
252
3627
15253
29928
749
28365
23952
23952
3684
26720
22583
1473
25253
17762
29469
24972
778
7450
17531
23065
28849
30335
22657
10148
11378
4695
25326
3270
5396
8348
11999
22262
30144
25891
16612
18511
22709
3968
24409
20116
29246
18980
29940
11121
14305
17608
410
29187
30682
15887
3447
32155
1224
20582
21069
17855
18853
1583
3852
13170
23035
31008
14756
23478
21077
229
791
17230
7412
13581
25042
4040
28356
17955
5693
18875
4239
29211
23953
5198
18543
6129
18154
32249
30601
11916
24221
20112
16376
8936
9163
30333
18184
24948
31798
844
26533
3769
6740
15726
26899
13117
2466
21302
3551
24231
21819
13608
3861
1571
31913
1907
22451
8712
11003
19644
5214
20153
25623
11805
27476
29897
7250
1134
28834
15458
28222
1731
10903
20455
25283
16949
14968
12760
32626
16102
32117
10742
3861
30271
14812
3496
22667
32380
11405
26526
14291
3947
2734
17076
19814
17520
19359
7193
14282
16333
20272
16560
2916
4896
13330
6582
31886
4397
29324
11430
28649
27870
3951
21081
25844
18824
31564
26994
28382
8304
29156
2041
12185
8078
28128
28742
2352
26001
1219
19745
31066
16163
16156
31015
21327
18797
16640
21872
19418
7646
22199
29550
2992
27432
14774
5656
15360
8076
8653
20040
16715
2136
30370
13922
6262
2734
13662
4407
2590
22918
24230
20521
10283
19702
205
17551
18856
16050
12872
91
30930
4047
4194
10746
1902
15308
5681
18299
15712
7378
24520
17652
21882
17723
11694
14881
15506
4690
15503
13135
18135
23641
17714
376
20325
26577
14507
21936
30230
31733
3282
11199
28571
17032
11507
18448
7116
21712
25287
19658
22077
6627
19363
10812
13586
23073
11760
28286
10772
11266
17115
14421
14852
7698
18509
20824
15919
16953
28446
13137
25666
32320
31110
31974
24672
17809
7636
6521
1394
8254
354
8268
14270
9029
24520
12009
28092
15891
12880
17089
13092
326
27562
22035
25164
17079
7137
17423
1969
17080
4238
14396
9171
13978
17740
11543
16199
23667
14443
15869
1287
31773
30697
20554
22284
31106
31389
22467
4383
23575
6582
14897
28140
28583
15972
5711
16984
25170
6101
29158
788
981
28003
4919
18546
2572
24844
2457
17528
32437
13858
10595
24372
14966
28739
32524
27982
4386
24204
32145
13540
4920
26378
27671
13457
2220
9841
22226
24783
2282
14353
1829
19328
21529
14853
18187
27079
20892
25006
29621
27676
22495
13408
9077
23712
8528
14426
25306
30637
4779
12796
19741
29362
13947
16692
955
9534
4574
29498
18788
18522
13960
7293
17428
16412
13834
3805
10880
9081
23124
26
24755
30299
18297
13452
18425
18931
27315
16917
17916
14161
23207
32597
18221
26674
3306
29468
16485
8729
1219
22565
29644
1953
24371
2305
31995
1041
24626
26705
26717
5425
25916
6456
23003
26460
24844
7184
1720
30679
17576
9052
1721
12641
31133
13566
16522
14091
20876
27563
30045
20810
3813
27803
12244
12619
27379
25989
6689
32390
15641
9930
32620
25238
10075
11761
31860
1864
27679
13395
9082
15090
20789
5655
5979
12038
13334
9569
25084
1254
13161
15815
2538
7418
4556
11269
11074
23553
13776
15857
6095
23204
27461
3761
17011
13137
18873
25387
31176
25158
25659
10941
13830
27628
9829
30766
32296
15719
665
1765
10314
31595
21898
8281
31062
13137
8958
30153
26591
8810
4051
16941
1613
1939
15680
18540
22587
13065
26974
463
5917
18559
30951
4278
10790
26478
20029
19338
21865
11693
4526
29682
25662
18497
20214
28234
21223
1654
3077
3409
15219
9007
15619
17953
2531
14458
14738
24677
15244
4455
5971
30406
11708
19995
3499
23462
16288
3616
18119
13841
19301
5375
16861
27376
15006
7441
10933
9856
14822
19602
19049
6659
20422
247
30057
16822
23257
25729
6849
18178
15149
531
22687
21238
10989
19265
14863
25845
2621
17577
522
428
8806
19590
10159
20039
9267
12162
26576
27621
26011
32716
4016
10057
8863
25195
25867
20690
17782
18130
20311
20653
31208
15540
9802
19273
4088
23577
18844
27147
29125
29618
26126
7236
12466
29033
2987
25696
28101
14653
31054
1376
8525
24141
16740
9354
1480
29234
11251
13150
10755
24210
31196
13773
28291
31986
27997
14502
29220
24780
15321
3153
12800
2018
19676
6079
24722
25809
27226
22433
14364
30697
17975
24024
19525
27196
30988
25901
7943
24309
24105
19779
31944
28396
28886
4809
25543
631
3807
6132
31418
32130
17487
20781
23222
29154
1147
10759
12366
19430
29762
13939
30719
11567
10644
1079
22988
27074
1073
8348
26661
23388
947
9831
17933
32518
16079
26635
30844
4328
24536
2589
26370
6754
19076
8712
20398
9817
20211
11522
12846
4047
3565
29503
30263
7863
29292
11108
20776
26375
25690
29246
12010
7694
6299
27316
8730
23048
8782
6650
8042
28656
10576
21512
2116
25493
27138
19531
18609
7664
25165
7834
3194
23989
20451
25707
20365
5672
25543
10823
19873
12338
20239
22907
5405
25012
3305
27153
16694
3867
3548
28926
8024
27445
10320
24221
17352
18755
29265
348
20871
21839
26768
8374
31097
9919
1706
17505
29894
24875
13485
31688
32385
22380
11737
14779
4232
25845
17571
6245
26539
29031
10240
6527
4880
21087
3551
14020
4821
32658
26359
22181
18936
19741
32708
31037
18292
8214
13004
12679
10925
20839
4135
16079
9998
13020
7742
23142
27377
27258
6099
3482
28095
6163
19266
9189
26968
30999
32518
3429
693
32429
32638
17804
26060
2562
14833
4633
22707
17121
2257
11847
2569
15493
5436
13892
7826
23723
29128
26340
16929
14571
21120
1431
16315
24135
1578
1177
25849
14085
5324
14184
13486
698
10094
11131
11466
5288
7456
31025
9086
19529
28991
8456
32673
31788
22261
18703
20563
13056
11775
28318
2016
6895
13491
24644
24039
25389
6977
5121
7355
26576
23609
11701
24073
3042
32333
18905
31419
31156
9049
24685
12829
15734
2208
21553
19518
28165
23640
536
15258
22532
3178
25850
501
24366
29299
8585
23690
2538
270
3718
31589
27424
22101
3381
18446
24140
22437
17934
32615
18897
15010
7605
8919
23439
8059
30252
1192
29623
8304
4168
29614
12766
31377
8545
18986
22609
13256
29006
25581
31145
25113
5264
16321
9375
30761
5838
20484
545
15101
10626
16022
6565
17669
10993
10230
12221
14937
6496
4519
29419
4674
18053
8153
27319
6652
24380
20037
23808
5306
7035
12377
7568
7403
10888
31893
31731
10940
12137
26421
17288
25566
24989
4112
472
6281
9737
1984
1831
4545
13365
12291
21833
5336
7096
31585
28855
16436
15857
20495
18402
9554
4088
4628
9415
17419
14548
6314
23748
19222
24559
4839
12970
16847
16327
8092
7955
32566
20709
7294
29430
4667
8467
28803
2168
32569
10954
21903
30213
30400
16618
25936
30624
27031
25261
28006
631
7681
3038
20168
14011
10816
21830
27747
9134
30808
31080
27908
4606
14101
4462
21623
18513
23631
7778
14321
32289
7277
12961
4523
28874
31528
20365
30672
20193
22930
19331
15001
28104
9558
21517
11702
32127
3393
24664
8433
11965
24321
10216
19470
32576
29229
29066
12789
8289
17542
20106
16147
11243
11133
5671
9981
6957
16117
13636
17750
13390
24905
9824
1524
25057
2193
9672
6206
10425
11553
30219
29144
12287
339
18607
25731
3969
22151
7970
19262
22605
21351
14323
4785
2943
24432
23618
8396
29527
26542
8566
24492
4751
24774
29486
28606
7659
10810
31097
17702
13329
14057
12105
13410
18331
7893
15653
12842
28523
32297
27679
19099
4414
17787
17670
5013
6788
24398
12252
7778
15216
20187
10122
11416
22603
11281
21971
11328
9485
8410
11143
16183
7982
19360
18681
20949
22970
11024
19122
1229
20388
30493
20071
28244
12380
2888
17449
30342
23203
17951
24540
21253
31135
516
16106
26083
30762
2864
5689
962
15984
14072
31834
25913
28089
78
9219
18298
3715
19850
6847
50
25812
17259
24548
2225
24270
18776
26565
17483
20868
8940
24362
1534
30732
17074
17149
6485
26838
14893
8262
21131
30011
27420
4186
27124
10073
24059
17742
9881
21023
25037
15026
7202
26532
22809
24188
32762
2493
22579
17987
22957
2254
30908
17582
4757
17632
1644
29483
10421
9460
26895
996
2277
6295
28622
28655
21552
22455
25008
21956
5242
21685
30561
7157
9317
5307
8753
11289
20086
25168
17503
23049
26484
3626
16024
19280
26641
12867
30395
29404
18893
11055
15327
29946
11030
15276
11159
1921
32436
3707
31861
8780
19044
2670
20940
5102
14531
11459
31930
20130
622
23984
20070
385
29288
29503
24455
20984
2492
22108
28966
18808
1635
32300
19108
19311
20839
13729
14590
10104
6217
24396
4944
7118
5537
11122
26776
23559
19716
29793
15037
28671
15914
13572
27344
32530
21328
19894
14993
23438
3804
2900
1845
25191
15424
9366
8550
813
10272
8607
26252
1084
9143
25042
32587
22323
22391
13288
26444
4519
10479
13375
8769
24088
14322
25973
16931
31011
14070
14134
8894
3834
8890
28498
32368
3346
7468
10515
16430
15387
28553
24269
14023
13877
30662
12726
3437
3425
1327
25592
11633
13877
26702
14597
27982
2773
14862
12331
12521
31262
7712
19816
24343
14116
1182
25727
20576
31967
12014
6731
6915
14881
31722
4180
24633
14795
16189
28320
32446
6977
10256
16332
20110
12059
31463
21339
18924
3102
8901
6733
18345
28778
23959
12787
10915
17140
1999
4355
10892
18743
19280
2792
6637
25895
13706
7515
19818
28519
30950
15415
2119
443
23908
3977
4651
17856
9346
22503
23076
7131
25697
27908
19180
11887
7715
2689
13419
17747
5015
24325
28284
28035
8216
4495
6388
18709
6322
12555
7393
7023
30599
16932
21263
26040
22129
24410
29649
10124
31977
8020
13309
6132
1320
13687
13113
27285
23691
183
8053
29991
9020
31917
12729
18729
12047
18666
26657
5587
13738
14988
8486
26189
25065
11279
31774
4126
22657
32613
8966
26087
28643
1608
24960
593
8035
17615
11544
16196
27033
16959
715
11610
17927
23588
15818
8083
19965
20385
19323
8010
12474
27909
24769
23655
13012
10654
5245
28119
15578
978
853
30265
15671
28011
24756
218
24921
12339
6417
10980
27155
193
26997
27858
8000
13202
4151
6183
9898
18524
31498
23904
16938
16286
5691
28199
14608
28284
8499
4041
28868
17610
11331
12778
30894
14695
9121
23928
3412
20684
2989
4061
22210
29156
21113
22137
26159
32031
23177
15951
14045
22978
8919
27646
13889
28033
12314
28660
5988
12879
6984
10974
30089
24181
26970
22114
2576
21217
4175
1553
31130
17345
19827
13463
31854
20305
12513
12597
26140
30449
583
370
20576
11899
25321
2829
27976
30163
20713
6709
17561
12480
28613
6140
24688
12538
14881
1290
11557
9860
199
3214
4212
27195
23276
17275
31711
22192
27573
26608
32334
9011
8441
13559
6393
30000
20297
7795
23431
7103
20269
2388
2935
10614
32689
21517
23232
24705
21024
17224
29108
9461
17168
9944
20522
26978
25758
19183
18908
18856
24059
2449
8718
18443
1064
4168
2673
24713
28669
11802
2374
26218
13680
15800
2758
24602
8212
32760
8642
21812
6368
31365
15239
17119
6450
11989
19204
10845
20243
15708
12079
28129
22205
18688
22692
28577
11611
11980
29327
10029
16655
26088
4813
8447
16953
7113
13646
7251
6647
24741
1726
15161
10728
30762
16996
30952
14646
8815
10058
23125
13011
28971
18590
3332
6402
32037
15704
26654
21018
4075
29469
965
12934
5575
10339
23204
26641
27631
20951
10698
10849
24316
28411
696
21696
28061
4628
17336
19747
9101
8003
27249
23652
8386
1778
29881
23507
8424
32625
17322
23533
5901
481
13560
10347
12702
3666
26241
19839
23186
31528
22566
602
2021
21443
24538
7409
28744
2655
9208
29441
30743
312
4058
19536
27275
12018
30375
18999
21297
25145
22636
26717
2970
26789
32111
31429
20820
7392
23488
19723
30746
8202
31504
18154
3144
16988
19142
14850
31122
24332
7760
15576
2548
12145
17335
14111
20716
22888
26743
822
22248
15606
16525
18673
6394
17711
9169
30108
12499
16470
5510
30013
14575
837
27184
4378
16653
23567
32677
6011
26338
6117
15207
12465
26382
8246
17201
1367
14927
29466
9168
6616
4853
31473
23092
818
20118
2375
29383
22777
12290
30972
13054
2206
30073
15265
301
28145
7964
22052
32415
21733
31138
4272
2022
18579
16716
24015
3952
21378
28955
15570
1627
5414
4672
7026
18314
20646
8148
31415
14585
22755
21193
23321
5965
32181
27169
13286
8112
24183
17245
31203
3035
17863
22329
31030
5236
29319
28310
1667
28059
29223
9144
19286
29120
28711
945
12737
28343
7895
25629
13126
18702
7522
16656
3830
27038
32522
14157
10971
10592
22453
28345
9364
12162
29097
2319
21823
30138
4244
26836
19612
26331
26063
25742
1902
19366
6627
14897
25893
31202
3917
22234
8379
31151
17022
18111
20700
5399
27430
24934
13129
1510
17074
1558
18302
13755
5139
31884
31891
17504
30914
19950
30304
18519
26369
10757
11748
32181
30051
11430
28904
22324
30606
6001
1247
9603
22592
21439
28945
18656
21648
20693
13304
8425
31863
4702
26602
11951
7310
792
6905
7437
29977
24525
24088
9016
25157
20101
20351
30102
22958
30202
9296
14548
24868
10572
30074
11059
25263
31734
21469
30754
464
20993
26544
27154
22026
16503
7968
28294
11937
21019
12346
8297
17314
1111
29195
19621
30755
4214
20742
9457
4556
21779
25254
5354
2455
29649
23636
28006
22995
30541
29066
23045
28015
5457
23865
21769
5237
24907
6760
3431
8661
765
4126
29469
5732
17781
13443
24007
32036
4672
27458
365
23750
11483
9009
9632
25197
17002
30516
21189
10677
8620
22111
27056
17908
12079
30554
22901
28864
27072
6922
26490
433
4902
25197
15825
4967
20752
15302
13253
31183
23115
11003
1203
28067
1080
28987
26908
4400
17534
22499
17911
12892
31484
8867
26188
28135
6146
27869
29438
6129
29376
30285
7401
3517
25598
8943
11564
21684
30990
12829
28616
10925
21247
28920
11371
27499
1556
27658
8582
28519
3444
25642
13733
18384
10019
2719
21248
31697
11313
18568
8525
11026
14642
5499
4569
14721
15086
8556
29143
26706
13145
21968
30456
68
19141
29187
31292
28967
342
18151
21767
2715
5302
21967
5239
12826
28171
22171
30453
14905
11302
26916
26634
16170
7677
30170
28276
11398
16732
427
16506
20553
6615
31015
29308
7967
29699
14050
29646
3550
26854
18714
19911
9299
13739
15002
22804
11585
15258
25310
23890
10151
15432
376
20189
23874
9739
10419
7906
16979
1201
15221
20924
674
27250
618
20349
24515
25890
7262
8906
17560
21420
19947
6637
12823
12219
29781
32293
26957
8122
8114
21824
30371
25855
6222
24940
609
31299
21325
21323
2672
30294
6802
25157
26980
1808
27616
16162
20154
6283
21311
5336
3165
31887
17570
2977
23919
9806
14534
593
2631
20050
4445
29159
3510
4787
2156
12130
8079
26509
12018
32726
18534
27569
16074
12990
25239
30107
17362
13972
11403
27813
24653
23455
20534
17018
12422
14605
996
8396
4535
26689
10294
8010
20520
2670
1895
5580
155
19557
6612
24273
2280
23723
29628
7724
7141
1999
16452
24570
11400
28410
28094
9175
7248
3272
28458
10322
10464
31830
14077
2718
23790
13981
20258
3722
2139
14846
12863
8882
931
20509
19001
29943
17016
26099
14330
11054
31146
10783
18546
5141
23626
25981
15067
25739
13327
16890
15426
21760
22776
29607
15427
13098
19507
30732
32532
15353
31294
24510
4293
20942
26700
22068
32197
25320
20714
23510
29865
5150
29666
26199
13609
980
7520
23365
28779
14632
10323
6366
32389
4972
22
294
3389
19929
25936
15158
11282
27521
31257
7895
22913
8070
22878
32335
30081
1418
15750
17019
15696
15974
31317
3358
13425
17695
19985
21881
7926
4118
19940
13084
28923
21118
29058
19195
22387
29203
523
4804
15911
1289
28723
24176
30459
27715
21920
27673
26227
24006
9620
25099
22903
29549
20683
29469
26707
4574
24743
7490
2818
15292
19850
13915
17068
9503
5251
15183
31853
6977
20526
5470
4440
5242
22741
18866
1980
31854
12251
18231
31141
4229
14939
18093
17574
24731
3852
28924
26326
18425
23400
16327
11545
29316
9229
19523
5793
16949
25699
74
4532
10441
20863
23979
30127
18874
17479
20421
24139
30829
3799
15188
19487
26285
16676
16522
11878
5976
8415
25442
14851
26968
22685
3633
12738
20181
8756
8829
993
1193
28776
3091
24783
24085
23495
2644
12083
30898
22225
9168
304
27818
27996
30742
28391
19751
4919
25545
31294
3340
17934
10999
24544
7140
1677
7591
31110
20247
27848
27313
5492
27492
23515
5331
26438
25227
6349
15872
30188
6474
18619
15611
10996
18827
6706
12581
26375
21724
7644
2196
16311
6943
4703
11364
19064
10627
10114
18258
6379
21939
31890
23174
19043
6477
24068
5297
22178
16789
1627
8024
30179
18283
26188
22128
18974
25466
14368
7722
11655
12979
25179
19216
19031
32506
28059
20561
24528
30
4546
10329
22651
10511
7767
11173
5557
21835
16938
18902
5225
27290
30263
22788
20255
17147
4045
28500
310
29406
15856
31437
12141
16275
30203
2919
6569
23043
5002
869
31218
12702
12182
8677
13502
29588
29410
7094
24178
2632
26518
13929
14886
12546
3626
6571
5544
28643
14726
19154
9924
5151
30312
1717
19907
30822
517
28097
24882
12707
5107
13897
26341
29673
32582
22814
24123
17322
28410
27744
32674
18219
16785
8339
5470
19508
18428
5109
20871
22028
27583
28687
17745
18341
81
1419
23953
32275
17345
23109
2172
28482
21151
23973
26801
8425
4890
14123
14714
3002
23398
25419
18510
16092
22369
4732
10139
22426
29045
32396
32451
8541
17088
10806
7012
29143
20082
16118
10205
5506
3191
32028
11022
24649
1879
29216
13663
13956
4442
26933
24323
8746
21743
18976
31614
18498
17486
23115
9828
21147
11357
5141
3428
8637
28368
2157
7046
23327
10133
32415
27057
10139
16751
18029
6256
13854
15841
28770
30453
22180
13389
24675
7007
16740
19549
28295
20536
24135
14242
2601
31554
8351
28283
4923
24947
19222
13369
24028
27710
12260
9856
5165
21524
16710
23536
27233
21547
1579
22021
22804
19326
18224
19004
20958
28437
1998
1656
8743
29062
8146
29859
30781
17340
2318
408
16035
21239
13647
27457
16813
26644
143
14844
21321
3087
4971
26948
24864
5574
18903
909
12510
17663
29200
13679
14029
3757
30674
7175
15017
32367
20428
21147
16048
20826
14161
892
23800
11768
7248
49
3845
7568
16774
9425
5019
10920
29426
2737
26321
18633
24201
20031
103
27010
25900
27694
19545
25263
30679
31188
4532
2556
21787
15568
15273
10660
15054
26095
14560
12927
24577
29521
25871
20283
19250
32199
12490
15593
22723
30080
31645
3260
1451
4581
21592
13070
21100
30913
5034
1956
21061
24741
1265
6963
15016
12939
4433
1571
1774
28345
8451
5266
1098
22760
9968
29596
23035
12198
2687
17370
25030
29433
25515
13608
25764
32325
15704
4012
4024
31087
20967
19988
13699
25923
30216
11550
12123
18195
9679
21598
29465
14241
26635
31804
12563
22848
31699
13628
3658
31029
1121
13442
20196
24675
10020
18837
1244
5928
20496
24931
5880
8322
4153
14981
13307
28790
19104
11973
1564
8626
9036
13789
15032
11889
25757
1410
12868
12447
20190
29345
27781
27965
1561
30697
1283
12040
4655
1417
21435
13397
9511
32315
1556
13376
7111
1409
17428
16133
27745
814
13780
32174
30704
41
32049
5359
29028
16494
30661
12110
20281
15957
23830
29318
31566
27415
3340
25646
13557
22670
8873
406
22854
12348
7924
3826
1466
7055
16438
25018
18677
355
22889
10832
21986
15561
15854
228
27909
12551
5502
14741
28685
24288
11363
17368
21417
24341
5096
6430
25501
26155
9998
32433
3349
13679
18304
7903
9017
7480
26313
15707
20993
29804
12229
2784
13131
10565
25685
23575
14891
20309
17239
18363
26754
20168
2774
28667
722
6378
27261
31520
13904
1513
31314
32623
25915
16347
2465
26193
3437
24322
23093
2737
32048
6991
7118
5798
19026
14118
15312
25682
16252
1889
23865
26122
13247
15511
3285
22966
112
20894
1461
19323
2358
17230
6621
11160
2657
30088
4925
31630
8573
26999
8419
22148
17447
10518
9326
22761
6432
3059
29638
11099
26528
14642
25354
13512
4333
2772
10954
14291
18475
13882
32375
24441
31862
24036
26391
32500
10542
28799
13885
2271
146
31007
9529
412
9361
17609
29836
28915
25052
308
8095
5883
8512
14544
30900
26686
819
20488
16668
5400
22957
26564
4522
8288
29753
18739
10089
18762
29259
16071
26762
19596
4052
32385
13728
16576
8212
2414
23312
4618
10927
9330
14018
24826
24324
20036
26141
18612
20922
22202
4147
20558
14491
31559
8248
2937
6310
11458
1081
11876
6751
25192
17418
6365
30826
7717
1153
7354
15448
1551
19169
887
15809
14131
5273
5920
6035
13717
5935
12913
1961
7538
15479
7229
27808
31176
12040
12812
21990
25625
2800
9736
23059
20843
1703
21530
10109
12435
10306
29264
774
15795
23273
8322
10553
12034
30859
6965
17814
7883
7120
5567
29737
22201
20048
32684
354
24657
26370
14689
23584
32448
11511
31743
28175
30167
4680
30858
20020
16980
6989
29259
454
10083
17935
22642
16192
13668
1536
8960
26548
11759
10218
30436
10850
26901
12838
21860
1673
8169
5390
23231
8061
16448
16308
20497
5882
11700
27861
5238
25016
5103
15368
8562
19007
11814
27451
11921
5629
10211
17504
14410
150
31496
4964
28201
379
28433
14433
19502
4030
7577
10772
25456
22565
8223
31889
5637
6525
19211
16437
18982
6960
6636
19677
22671
29210
12548
19797
14885
1945
6150
7956
14555
5859
4638
23078
10198
5277
14130
5481
26320
13481
12904
15100
13498
575
18920
245
5541
15935
5091
23122
20450
30661
31956
29747
17512
4862
773
4934
9847
12859
19285
25986
22139
13636
29498
7192
25651
17135
17410
24998
31762
4337
11102
174
17382
24051
7456
20040
27319
20969
16964
11539
28658
14495
6445
15473
26055
19092
27442
2036
13007
30732
15193
19219
5874
27233
4706
7458
30600
12186
19464
6529
14014
17470
18819
22547
6715
28523
11601
18929
1284
9506
1078
20064
2205
25317
32642
5121
4466
14980
9362
6728
12917
32564
5529
26415
21511
18657
22433
17708
18972
16837
14796
7520
5530
29242
16864
16913
21763
32460
16898
15706
10324
3219
31682
30753
3117
16320
29784
19786
28721
2165
24109
23850
3248
12762
15262
13631
15236
26477
7932
8222
22584
9369
11223
12716
27504
17035
15740
25489
9604
6209
22204
21994
27759
24803
16111
2110
232
23639
28729
7860
32462
24080
15116
1923
15561
15910
17134
5289
20271
24748
14461
24032
12836
18238
29872
32462
24326
24793
22879
1404
20744
3055
6918
9481
15644
32443
22470
160
279
2515
8108
8871
3599
26876
21046
29753
21000
5697
29971
18647
25808
21319
26667
21082
31784
23771
6879
4396
27428
31949
9874
5304
12501
28161
29288
8223
23077
18115
17485
1837
15105
23899
25402
22411
17086
23265
11955
8758
28597
28755
20373
31023
9777
25061
26126
30069
28300
23704
22765
22832
24212
18958
10780
8751
12851
5789
29802
8340
22352
7586
30350
26062
28912
12312
20329
8136
5537
26985
20364
13408
19736
18051
1018
12571
4377
13103
24111
25367
21911
414
7521
11073
23581
69
23813
25287
22124
8684
27797
25553
7270
27649
21649
2668
31018
7985
11460
16838
21377
20026
10184
29089
13689
22266
30668
24578
30543
29132
28821
23337
4498
19221
2755
16326
23174
23322
11350
12138
12999
28693
23152
2876
25902
7815
14428
1773
15864
3023
30672
26606
7461
18172
7791
17632
2079
9184
17554
22860
32412
19557
12616
16788
5829
31781
30620
13097
9368
6708
30998
1279
28811
9536
29060
7230
16754
9693
28665
4411
15778
6938
24855
8358
26455
5464
3722
15621
14419
29532
14293
21600
8392
30114
10321
7742
28024
7156
28274
1489
22811
316
6221
1134
19713
10647
6487
64
5368
